510
605
876
1349
2006
2780
5339
5907
7919
9489
11492
15949
18834
22549
25950
28677
31661
33708
36009
37809
39014
38960
52717
57329
57990
58599
58819
58792
57408
55785
55697
53254
53118
51689
49784
48219
46644
44539
43290
42681
41691
41584
40855
40946
42680
44177
45550
47733
50374
55093
59254
71214
79496
86713
98788
111173
127344
151641
178486
204508
231461
271879
301129
343541
395010
447778
502817
549079
594955
653462
714983
775016
836985
869046
922616
973112
1011418
1059085
1113067
1169486
1211374
1305827
1343332
1395256
1427399
1484808
1538228
1585450
1625040
1673006
1706678
1750984
1799670
1826969
1875845
1914642
1952205
1987952
2016265
2028801
2073873
2106926
2147257
2186649
2224851
2262257
2306133
2354448
2382006
2419616
2445875
2487838
2511803
2563163
2605569
2639420
2673250
2705738
2745813
2783943
2834705
2827332
2873380
2909050
2930825
2965400
2999780
3047642
3086672
3148713
3176047
3214043
3227219
3256933
3312785
3370262
3428025
3482542
3429726
3467740
3518634
3566134
3610969
3656252
3714320
3750289
3787800
3807563
3862548
3941406
3978887
4033890
4078050
4135575
4187214
4268024
4348884
4416262
4487758
4544854
4597163
4693900
4613831
4700400
4694053
4755206
4791624
4851973
4902776
4989577
5077501
5163456
5239919
5287123
5361437
5427643
5520688
5573329
5653113
5774418
5818188
5870968
5964156
6060864
6107593
6136268
6202360
6252217
6328260
6410742
6471239
6556189
6618150
6706102
6685440
6713110
6760972
6850859
6934743
6987599
7028889
7085398
7031655
7061019
7180073
7190419
7264144
7241401
7233920
7257692
7312585
7371035
7458193
7506963
7492705
7514123
7520055
7571994
7642578
7721682
7768686
7775370
7833381
7833732
7891835
7946081
8040757
8104694
8119679
8130540
8166068
8204225
8281698
8373420
8432177
8483258
8514014
8566683
8635790
8725045
8793999
8843827
8855007
8881454
8940406
8947175
9037829
9123505
9144325
9178464
9206695
9241919
9313369
9401355
9521769
9592969
9628393
9684975
9772880
9862735
9998183
10146025
10302712
10363010
10450554
10572082
10735920
10929339
11131813
11300503
11411983
11591631
11762643
11989542
12229469
12512342
12751703
12910603
13152441
13025175
13263534
13560201
13867428
14093066
14292797
14569276
14861717
15083304
15368508
15715094
16005126
16229811
16466768
16758348
17015840
17429632
17769759
18077585
18314091
18449577
18615489
18867870
19135729
19436804
19675810
19882882
19987853
20193021
20378923
20583282
20877507
21094104
21256924
21353792
21476749
21651848
21905618
22085594
22280991
22496308
22593870
22783716
23013538
24006780
24218447
23337117
23464742
29969438
30233833
30590574
30940386
31329278
31578405
31826671
32022416
32294078
32650217
32990819
33155769
33252687
33390768
33578712
33872930
34229658
34664566
34907038
35222870
35480024
35732710
36140706
36594167
37135231
37622939
38042545
38352708
38670918
39015173
39379882
39746433
40175801
40484265
40688142
40875055
41062584
41408815
41681978
41942533
42180303
42306074
42477315
42685561
42925418
43206756
43417440
43567587
43652957
43816017
43908172
44084388
44244049
44480807
44548194
44640678
44735225
44775457
44927889
45079286
45208310
45325237
45417073
45404959
45509261
45599092
45754374
45921030
46013498
46104500
46203469
46301717
46524759
46734078
46906456
47036350
47158972
47243055
47273002
47473325
47666201
47876465
48042398
48166887
48189268
